T=0.01
Cvir=1e-6
